5403
-6617
-4046
-8886
8951
-9912
-47
-7478
-3440
-7647
3437
-6491
-1310
2229
7471
-9029
-1967
8864
6328
-8286
1605
-3759
3627
9361
7279
-899
-2853
-973
142
-9497
7820
3984
821
5630
7018
-6803
-7554
7757
-3238
4246
5352
5411
-5139
407
7419
1986
-3034
-2162
3497
5120
-8084
3525
1450
-6836
3650
4589
5266
-7088
-5931
-8360
-5447
5450
718
-6383
2789
4341
840
-9234
1314
-4424
-3409
-3988
665
-4090
3985
-4295
3578
-3739
369
-7367
8602
1759
-2986
-8629
3335
-2378
-2493
2495
-3300
-9938
-8674
-6544
-2621
4497
-9364
-9100
-1518
2860
6568
-8113
460
1507
8683
1981
3796
3726
-6329
-1428
850
2178
9880
-2849
-2444
5896
-2265
3512
5213
-5099
1983
-9593
-5541
-5476
-3346
9775
2084
-151
6165
6941
9512
-1219
-5367
2173
-1417
5171
2690
6964
1051
3512
993
6920
5235
-1750
-4436
-1979
-5675
-4817
872
-7423
-3220
7366
9038
2716
-7856
-9105
-6790
-375
-4307
7306
-9859
2990
-5064
-7506
4356
-6373
-2278
168
1478
5017
-2512
-8584
-7332
3187
-3590
8944
-687
9996
-2160
2526
5111
541
9716
-5348
-1362
-6261
5795
-82
7160
-6913
4287
-2109
3595
4750
-3416
-8683
-7679
898
-125
8134
-88
7939
-877
1120
-5552
4688
8498
4281
-1808
-5269
7279
1806
-6704
4271
6227
2692
-2835
2496
-3596
4776
2733
1533
-4229
-6142
6884
4024
-2685
-2987
484
1555
1619
-3809
-8506
-2550
8968
1032
7831
2053
2352
-2985
-7596
-4945
-6116
9300
-2479
-3946
-8173
5414
6965
-2448
-5889
1727
-3111
2226
-7121
-5122
6519
-9667
-4307
5179
-2259
-3051
5992
-9692
9134
1497
-4591
-3562
-4691
-1820
-7157
3941
-5894
242
-6583
852
9469
-8756
8405
4735
9802
6105
-9012
7960
9509
4981
-6463
2846
8351
-9360
-4108
-5109
7835
-1946
313
-9655
-9985
6327
-5974
1934
-794
8720
-9053
-3983
-4029
188
-7986
-8239
-6599
9228
-3114
1305
8977
-381
-3189
-830
-3771
-4383
5105
-4086
-3900
485
5498
1877
278
-3097
-1064
-4786
4872
5362
4389
9304
-2881
-9128
3113
-7359
9212
9945
4704
-6641
3710
-7169
9476
-6862
-5617
1902
-3136
961
-4745
4998
212
4374
3038
-6036
-3547
1892
-4121
-127
1687
-5081
4920
4283
-9513
4283
-6093
9565
988
-8646
-9905
-5484
-2695
6541
6609
9613
3737
9626
-8769
-7425
-2982
9233
9939
1070
5224
8185
8171
413
6266
-9191
7931
-2944
-8364
-5901
4141
-6710
880
-6932
-9651
-3892
6705
3988
1140
-6048
8122
7390
-1622
3816
-4835
128
-2624
-8422
9807
-6514
-6478
-707
4122
-7332
-7788
-2170
-5635
1108
-4268
-718
-9172
-7554
1079
-8783
74
-7317
-1729
9123
6220
-6254
-4712
-8583
1891
-375
5278
-6994
4216
-5657
6119
-8190
693
6843
-4757
6251
-8779
5623
-6016
-3834
-6093
6636
1908
-6773
3949
1803
-4081
-9676
6556
-2113
-6879
-5030
-8219
165
4274
-7823
-9141
-6533
-1041
-147
-2434
-1015
-6146
2395
406
9833
7806
9069
8584
-1770
-5496
-7312
-3042
7525
8665
-9382
9130
1127
-6460
-3334
4135
-7526
-6635
-432
9601
6673
-1286
-6472
4222
5216
8312
-7585
-4778
6517
-2433
5383
-9999
-354
6853
-5361
-5923
7469
-3486
-8693
2381
2877
7542
-8709
8780
5299
3334
-1345
4604
3204
8771
-3804
-4338
8670
-1897
1422
8088
4171
-438
9741
-943
-8756
9380
7032
1693
-3906
4742
45
-6351
-9378
3252
7425
3046
6293
-771
-5841
427
4030
6428
5868
7107
5022
-2523
8335
-2200
8277
1732
5711
-2565
-5221
3801
6755
5316
-6218
8776
1162
112
-1355
-619
-8674
-3647
-3275
5346
8282
7726
-6229
-8237
-3647
-1736
3798
2470
2188
-3136
8225
-1387
2928
3551
-9920
6974
-9563
-5590
-5934
365
2812
-666
-1193
7624
1363
-5602
5652
-6949
-5125
6555
-1986
-2783
8338
5189
-145
9905
-3671
-785
9510
-279
2561
-1894
-9155
6990
4301
2760
-5256
-764
-6584
-3977
-2473
5721
-8339
1953
6665
-8982
-3943
9582
-2464
2291
2409
-7901
-4784
-5618
72
-6679
-6844
3877
5520
609
358
-3748
-913
-7506
-7739
8960
1034
-1669
-3026
-8926
-2293
-1433
5452
7057
3724
-3795
9861
4225
-3238
-4503
-3422
-3691
6844
5475
8005
-1278
2087
-7729
-1322
5137
8803
-5931
-8057
-6716
-7540
9435
-6964
-1221
8866
-5730
8444
2626
5133
9308
-7532
-6793
4031
-2704
9935
9136
8271
-2319
-1560
-4615
-4466
-319
-6626
-5488
-6407
2626
3110
-6470
-6611
-5714
9033
1092
-5266
3512
-3636
767
3561
930
-545
7924
-2223
-2273
874
-9342
277
9744
-6581
-866
699
2516
7718
-5433
-3807
8656
1147
-1240
5470
-4397
-5231
6578
-5679
-1565
2475
-2857
-9170
7981
1084
-5676
-2383
4042
-1733
7767
-1658
-3737
-8961
-5886
6257
-5723
-1283
-2389
-2342
-1717
-143
-9184
-8378
-6411
-8395
3884
7951
7405
4667
3775
-3224
-8897
-8558
5574
-6764
-4895
-4362
-926
-4683
1780
-9244
5105
-9514
1387
-4709
-460
3485
5802
-6730
9056
9634
4676
-4244
8102
8454
-8970
9273
-706
-568
-3865
-9828
2545
8229
6239
-1227
1836
1578
6487
1947
5933
6663
1919
-7483
-4819
8514
-7884
7635
6631
-7156
8070
-907
-1216
-6139
-3547
4330
-4031
9371
4405
6308
5289
-6383
694
3458
-9781
9820
-5377
7975
-6228
7462
3863
1907
-8384
-6297
-769
5052
-7328
-3973
-7310
8154
5720
7790
5156
5647
-3109
5302
7257
4555
6459
-9766
-2381
9320
268
-6718
6804
-3044
-82
-5362
5998
-1944
-388
7450
8979
-9427
-8170
-8348
-3085
6190
7686
-6179
5532
-5283
-1937
2729
121
-9123
282
-4565
-1788
2207
784
2139
-8719
-9875
-5411
7542
7553
5848
7673
-3916
-1447
-5060
1334
9519
1313
-4613
-5055
7928
-8257
-5924
1455
-2990
-9502
-5108
355
-8083
326
-9633
-3585
5550
-3862
5091
-712
-1121
4878
2592
7392
90
-8359
-7416
-4771
2306
-6734
8465
5839
7752
-1369
7624
2888
4728
-8239
-6850
3514
-2668
-3446
6542
-5638
1504
-5599
-5510
1904
2386
-9565
9092
4821
-6692
1807
9376
3596
-603
-1881
7810
-5909
8620
1224
-8994
4752
-3192
733
8244
-9773
-8434
9518
4835
7073
-6373
3558
-6508
4482
-6870
-3366
7692
-5827
-3803
-6197
-9161
6663
6910
3399
-1985
6227
-4727
2986
-1116
6272
-590
4839
4096
-2758
-5257
-8552
-749
4708
1712
7220
-2635
-7516
9397
-1219
-9715
-6167
-7593
2114
-6782
7547
3560
1837
-3890
-7698
8544
723
8412
5863
-9731
9958
2960
9427
3710
5577
-2973
-1016
-4508
3341
-7589
2294
-8133
6404
3903
-1568
-6259
-6335
-5768
-9394
5278
-1814
-210
7187
-3681
4053
-355
-4634
-6108
-5033
7365
-3813
8845
-9520
-8113
-9490
1129
-1158
-9134
-8020
4247
-6492
-4132
951
5640
-4671
173
-2485
-6139
-2195
3600
6909
-660
-1036
-6190
-7513
9546
-4916
-3059
-8641
7134
-1797
5682
1766
5181
-7280
-4168
7152
8719
2128
-1426
8307
668
-4429
-6769
-6458
5039
1802
2356
-1718
9116
-9580
-6673
8898
-4664
6643
9729
7622
-2352
4192
4050
4592
3821
-2045
9295
-8818
-6719
-5351
-5627
1543
-8302
-1272
-4431
7914
1867
-9901
2409
5087
990
-2062
-567
2018
-2987
4375
-7154
-8101
5807
-5240
-9164
-3152
9074
1017
-171
-7778
-2386
9327
-7475
-5994
-1870
5066
4756
-7371
-8451
-7187
8328
-2488
4955
-9906
3391
-7372
-8731
-4704
-277
5295
5154
-3120
-6970
-3513
366
-2425
-2070
5433
-3757
3388
6510
9034
-3924
-7433
-7613
3684
-7579
7302
9071
2581
5180
7111
-8590
-1276
-1038
-5298
-4751
-2055
4387
1830
-1013
-3581
-3846
-4917
-9845
5724
518
-9348
4117
-5781
-7077
-970
-7849
3518
4106
-2153
9730
4283
432
3067
-692
-4832
-5225
2633
6990
2338
-687
4575
8108
8743
3181
-6131
7222
-1150
63
7792
-6105
-1423
3969
-5182
-2404
680
3101
-6147
-6764
1830
-5110
-7335
5668
1362
6883
6174
5483
-5981
-1545
9023
7601
-3721
-3596
-5886
-515
7108
-6615
-5397
-5838
5086
9906
-6551
6982
9898
8204
9827
9971
3074
8132
5240
-5780
8490
-9707
8754
7882
3424
-2345
4346
-4030
5959
-440
567
6263
8786
3928
481
-4423
7173
5873
-2212
-8957
-4331
-6031
-2716
879
3561
-6863
-9112
349
6696
7137
5075
-3541
6840
1872
2006
-5135
-8548
-9860
14
-3049
-4665
8656
8905
-8986
-1028
5694
-2447
3516
-2806
-9980
8622
-5852
8893
-9646
4315
1429
5113
8807
1312
-2188
7019
65
-7175
6946
5058
2928
7118
963
-154
-5982
1041
9446
-9462
5862
-3416
-3091
5614
-2752
-3344
5958
-749
-8997
4346
2574
3995
-6617
6840
-4110
-7268
7938
-5226
-4782
5832
7468
8311
-4514
3718
2307
-180
-7511
-1153
2798
6460
6355
1202
5833
-7019
-5028
-4977
4320
-3820
-9475
-7279
-8790
7709
-5109
8025
670
-8950
-1980
9405
6819
6271
605
-2844
1520
-4634
3370
-4865
-8289
-7255
1314
-1554
-6754
3062
-1766
-5048
6014
7538
3108
498
7411
199
6076
718
4864
1190
-3342
6121
-8522
-3904
9075
4439
-5241
-2107
7848
2737
-607
4759
8359
-7413
-914
6860
3379
-8580
-3285
-8741
8074
3568
7679
-660
-9693
-4495
3518
-3321
-8030
-8512
-1500
-6453
-8034
9423
7447
-5407
-676
-3212
3242
-7351
8105
-3878
-5615
-6120
6121
-6645
3797
1086
8314
-9481
8821
-6639
1585
8290
-8457
-2385
-7780
9519
7367
9931
7591
6858
-5946
5084
-8063
-3699
8813
5633
-8046
-3423
32
-9619
9442
-7
1325
1559
-2115
2694
-7514
-818
-7933
-9061
-9746
-7464
8460
6912
4036
4637
2841
2147
-6736
405
5103
3333
-1735
7746
-5306
-3442
-1949
4887
-7638
-5119
5398
-6956
7641
-586
576
-5907
7606
-4641
4186
-2658
4988
1920
2304
7308
-6026
-1917
-7424
3025
-1584
-4512
-7250
1596
5136
-2944
654
-5690
4954
2624
6733
-7592
-3865
-3963
-3996
-1891
-6192
-9160
-124
-173
2937
-6385
9511
9313
-7680
9744
9292
-1816
8705
6286
-1166
1151
-4654
3808
-4934
-2938
2869
-8375
-2251
-8045
-8687
-1027
5064
-2885
-6756
302
7817
4632
7374
-2866
3508
-9729
256
8819
-1394
-2406
-787
-7244
-6342
7511
-3334
-2103
-7550
6156
5256
-1688
-9120
5810
7716
6919
2443
-4315
-6476
7130
-1371
2038
4505
-8213
1259
8307
5226
-8771
9708
4778
3968
3455
4684
460
-633
4298
8420
2898
-9663
-7952
9746
-7358
-5011
-4348
-4001
299
3180
8452
9196
-1349
8453
-5713
-3221
9899
9136
-6765
6208
8287
-2142
9273
8950
2085
-2802
6295
-9268
-2500
7027
-9435
-7355
2467
5771
-4041
-8275
2338
3307
2274
4147
-5462
4364
-8006
8753
2596
-2612
-4018
4378
1826
7343
9663
7481
-7378
-7529
-2649
643
-2245
-4556
-927
4467
-5568
-6916
7
7479
-9772
-726
5752
-7770
2174
2820
4244
9626
3803
-2189
1713
399
-8327
-7462
-9536
5677
-862
-7696
-8656
-7684
6077
1597
-8219
-5932
-3807
2938
7010
3221
-3814
2383
-2113
-3246
6559
5762
5506
-9373
-4052
8383
8976
1134
6518
2906
-9550
-6240
-7540
4863
-6799
-5423
-9194
3229
-6263
-4215
6025
8774
-8313
2541
9554
6424
230
1518
-560
2612
2435
-6268
9861
1488
-8054
-9483
6468
9692
-8759
-3386
7642
4516
-6139
-5185
-1932
6727
8715
-4533
3360
2219
-7653
670
-8173
9692
-7930
-9798
1256
-9850
-7265
-5408
-6806
-8216
-8917
4889
3982
336
-1639
-974
-7391
-8281
-6452
5170
8798
9842
4028
5980
6514
2805
9791
9345
-8567
2381
5723
8541
5603
8888
5203
-2400
-6407
-1557
2503
-4379
2575
7631
6941
-3584
-5365
7337
-3801
5313
2459
9521
-4239
-4776
6366
5474
8544
-7861
-5095
-2402
-3393
-887
-3087
3608
-8434
-3571
-332
-5185
6391
7963
-213
-6096
2902
-9132
-9285
-5367
4570
-6660
1776
-513
-9090
58
8483
2121
9808
5485
6189
-8071
-8207
1321
-9559
4148
-619
-6634
622
-2801
-5764
-4624
1991
-1633
-2877
7064
4360
-935
-9006
-2853
-5873
-5168
-198
5855
7190
9296
-3495
3707
3020
9924
-1195
-6703
-2899
1761
4620
9461
-3160
-7004
-2756
-1935
5892
-1913
-8891
-8573
-9867
-567
-6599
7779
2977
-1295
9697
6191
-8105
-4477
-9757
6228
4210
9679
-2093
5233
-4068
1500
-1637
6279
4076
9910
9651
774
5920
-7571
4284
-8513
-1573
-2080
-8293
-2788
4725
-6477
-8609
2651
-4414
-1013
9548
-1643
8537
7389
9552
3900
5298
6599
1579
-3408
9262
2152
-6503
8801
6371
9996
4325
8439
-3426
-289
-3878
8974
-8810
5221
2899
-3989
459
-7533
-7572
9709
739
5502
8218
-4639
867
7067
3958
9846
-368
5041
3146
-8814
9809
-1379
-6443
9243
208
-9780
5381
-7643
-7859
-3172
1490
2829
3907
-2305
5951
8419
-6977
7240
-460
3077
5116
2128
1325
-9067
3296
-866
-8154
1030
-7177
-7564
-8781
-5050
4802
-8645
9988
-3154
2239
1007
5734
-5060
-3065
-5273
-9642
1073
-7869
4539
-7308
-652
-6989
-3079
-8874
-2104
1420
4921
995
3753
6993
385
-2118
-8503
