5403
-4046
8951
-47
-6617
-8886
-9912
-7478
-3440
3437
-1310
7471
-7647
-6491
2229
-9029
-1967
6328
1605
3627
8864
-8286
-3759
9361
7279
-2853
142
7820
-899
-973
-9497
3984
821
7018
-7554
-3238
5630
-6803
7757
4246
5352
-5139
7419
-3034
5411
407
1986
-2162
3497
-8084
1450
3650
5120
3525
-6836
4589
5266
-5931
-5447
718
-7088
-8360
5450
-6383
2789
840
1314
-3409
4341
-9234
-4424
-3988
665
3985
3578
369
-4090
-4295
-3739
-7367
8602
-2986
3335
-2493
1759
-8629
-2378
2495
-3300
-8674
-2621
-9364
-9938
-6544
4497
-9100
-1518
6568
460
8683
2860
-8113
1507
1981
3796
-6329
850
9880
3726
-1428
2178
-2849
-2444
-2265
5213
1983
5896
3512
-5099
-9593
-5541
-3346
2084
6165
-5476
9775
-151
6941
9512
-5367
-1417
2690
-1219
2173
5171
6964
1051
993
5235
-4436
3512
6920
-1750
-1979
-5675
872
-3220
9038
-4817
-7423
7366
2716
-7856
-6790
-4307
-9859
-9105
-375
7306
2990
-5064
4356
-2278
1478
-7506
-6373
168
5017
-2512
-7332
-3590
-687
-8584
3187
8944
9996
-2160
5111
9716
-1362
2526
541
-5348
-6261
5795
7160
4287
3595
-82
-6913
-2109
4750
-3416
-7679
-125
-88
-8683
898
8134
7939
-877
-5552
8498
-1808
1120
4688
4281
-5269
7279
-6704
6227
-2835
1806
4271
2692
2496
-3596
2733
-4229
6884
4776
1533
-6142
4024
-2685
484
1619
-8506
-2987
1555
-3809
-2550
8968
7831
2352
-7596
1032
2053
-2985
-4945
-6116
-2479
-8173
6965
9300
-3946
5414
-2448
-5889
-3111
-7121
6519
1727
2226
-5122
-9667
-4307
-2259
5992
9134
5179
-3051
-9692
1497
-4591
-4691
-7157
-5894
-3562
-1820
3941
242
-6583
9469
8405
9802
852
-8756
4735
6105
-9012
9509
-6463
8351
7960
4981
2846
-9360
-4108
7835
313
-9985
-5109
-1946
-9655
6327
-5974
-794
-9053
-4029
1934
8720
-3983
188
-7986
-6599
-3114
8977
-8239
9228
1305
-381
-3189
-3771
5105
-3900
-830
-4383
-4086
485
5498
278
-1064
4872
1877
-3097
-4786
5362
4389
-2881
3113
9212
9304
-9128
-7359
9945
4704
3710
9476
-5617
-6641
-7169
-6862
1902
-3136
-4745
212
3038
961
4998
4374
-6036
-3547
-4121
1687
4920
1892
-127
-5081
4283
-9513
-6093
988
-9905
4283
9565
-8646
-5484
-2695
6609
3737
-8769
6541
9613
9626
-7425
-2982
9939
5224
8171
9233
1070
8185
413
6266
7931
-8364
4141
-9191
-2944
-5901
-6710
880
-9651
6705
1140
-6932
-3892
3988
-6048
8122
-1622
-4835
-2624
7390
3816
128
-8422
9807
-6478
4122
-7788
-6514
-707
-7332
-2170
-5635
-4268
-9172
1079
1108
-718
-7554
-8783
74
-1729
6220
-4712
-7317
9123
-6254
-8583
1891
5278
4216
6119
-375
-6994
-5657
-8190
693
-4757
-8779
-6016
6843
6251
5623
-3834
-6093
1908
3949
-4081
6636
-6773
1803
-9676
6556
-6879
-8219
4274
-2113
-5030
165
-7823
-9141
-1041
-2434
-6146
-6533
-147
-1015
2395
406
7806
8584
-5496
9833
9069
-1770
-7312
-3042
8665
9130
-6460
7525
-9382
1127
-3334
4135
-6635
9601
-1286
-7526
-432
6673
-6472
4222
8312
-4778
-2433
5216
-7585
6517
5383
-9999
6853
-5923
-3486
-354
-5361
7469
-8693
2381
7542
8780
3334
2877
-8709
5299
-1345
4604
8771
-4338
-1897
3204
-3804
8670
1422
8088
-438
-943
9380
4171
9741
-8756
7032
1693
4742
-6351
3252
-3906
45
-9378
7425
3046
-771
427
6428
6293
-5841
4030
5868
7107
-2523
-2200
1732
5022
8335
8277
5711
-2565
3801
5316
8776
-5221
6755
-6218
1162
112
-619
-3647
5346
-1355
-8674
-3275
8282
7726
-8237
-1736
2470
-6229
-3647
3798
2188
-3136
-1387
3551
6974
8225
2928
-9920
-9563
-5590
365
-666
7624
-5934
2812
-1193
1363
-5602
-6949
6555
-2783
5652
-5125
-1986
8338
5189
9905
-785
-279
-145
-3671
9510
2561
-1894
6990
2760
-764
-9155
4301
-5256
-6584
-3977
5721
1953
-8982
-2473
-8339
6665
-3943
9582
2291
-7901
-5618
-2464
2409
-4784
72
-6679
3877
609
-3748
-6844
5520
358
-913
-7506
8960
-1669
-8926
-7739
1034
-3026
-2293
-1433
7057
-3795
4225
5452
3724
9861
-3238
-4503
-3691
5475
-1278
-3422
6844
8005
2087
-7729
5137
-5931
-6716
-1322
8803
-8057
-7540
9435
-1221
-5730
2626
-6964
8866
8444
5133
9308
-6793
-2704
9136
-7532
4031
9935
8271
-2319
-4615
-319
-5488
-1560
-4466
-6626
-6407
2626
-6470
-5714
1092
3110
-6611
9033
-5266
3512
767
930
7924
-3636
3561
-545
-2223
-2273
-9342
9744
-866
874
277
-6581
699
2516
-5433
8656
-1240
7718
-3807
1147
5470
-4397
6578
-1565
-2857
-5231
-5679
2475
-9170
7981
-5676
4042
7767
1084
-2383
-1733
-1658
-3737
-5886
-5723
-2389
-8961
6257
-1283
-2342
-1717
-9184
-6411
3884
-143
-8378
-8395
7951
7405
3775
-8897
5574
4667
-3224
-8558
-6764
-4895
-926
1780
5105
-4362
-4683
-9244
-9514
1387
-460
5802
9056
-4709
3485
-6730
9634
4676
8102
-8970
-706
-4244
8454
9273
-568
-3865
2545
6239
1836
-9828
8229
-1227
1578
6487
5933
1919
-4819
1947
6663
-7483
8514
-7884
6631
8070
-1216
7635
-7156
-907
-6139
-3547
-4031
4405
5289
4330
9371
6308
-6383
694
-9781
-5377
-6228
3458
9820
7975
7462
3863
-8384
-769
-7328
1907
-6297
5052
-3973
-7310
5720
5156
-3109
8154
7790
5647
5302
7257
6459
-2381
268
4555
-9766
9320
-6718
6804
-82
5998
-388
-3044
-5362
-1944
7450
8979
-8170
-3085
7686
-9427
-8348
6190
-6179
5532
-1937
121
282
-5283
2729
-9123
-4565
-1788
784
-8719
-5411
2207
2139
-9875
7542
7553
7673
-1447
1334
5848
-3916
-5060
9519
1313
-5055
-8257
1455
-4613
7928
-5924
-2990
-9502
355
326
-3585
-5108
-8083
-9633
5550
-3862
-712
4878
7392
5091
-1121
2592
90
-8359
-4771
-6734
5839
-7416
2306
8465
7752
-1369
2888
-8239
3514
7624
4728
-6850
-2668
-3446
-5638
-5599
1904
6542
1504
-5510
2386
-9565
4821
1807
3596
9092
-6692
9376
-603
-1881
-5909
1224
4752
7810
8620
-8994
-3192
733
-9773
9518
7073
8244
-8434
4835
-6373
3558
4482
-3366
-5827
-6508
-6870
7692
-3803
-6197
6663
3399
6227
-9161
6910
-1985
-4727
2986
6272
4839
-2758
-1116
-590
4096
-5257
-8552
4708
7220
-7516
-749
1712
-2635
9397
-1219
-6167
2114
7547
-9715
-7593
-6782
3560
1837
-7698
723
5863
-3890
8544
8412
-9731
9958
9427
5577
-1016
2960
3710
-2973
-4508
3341
2294
6404
-1568
-7589
-8133
3903
-6259
-6335
-9394
-1814
7187
-5768
5278
-210
-3681
4053
-4634
-5033
-3813
-355
-6108
7365
8845
-9520
-9490
-1158
-8020
-8113
1129
-9134
4247
-6492
951
-4671
-2485
-4132
5640
173
-6139
-2195
6909
-1036
-7513
3600
-660
-6190
9546
-4916
-8641
-1797
1766
-3059
7134
5682
5181
-7280
7152
2128
8307
-4168
8719
-1426
668
-4429
-6458
1802
-1718
-6769
5039
2356
9116
-9580
8898
6643
7622
-6673
-4664
9729
-2352
4192
4592
-2045
-8818
4050
3821
9295
-6719
-5351
1543
-1272
7914
-5627
-8302
-4431
1867
-9901
5087
-2062
2018
2409
990
-567
-2987
4375
-8101
-5240
-3152
-7154
5807
-9164
9074
1017
-7778
9327
-5994
-171
-2386
-7475
-1870
5066
-7371
-7187
-2488
4756
-8451
8328
4955
-9906
-7372
-4704
5295
3391
-8731
-277
5154
-3120
-3513
-2425
5433
-6970
366
-2070
-3757
3388
9034
-7433
3684
6510
-3924
-7613
-7579
7302
2581
7111
-1276
9071
5180
-8590
-1038
-5298
-2055
1830
-3581
-4751
4387
-1013
-3846
-4917
5724
-9348
-5781
-9845
518
4117
-7077
-970
3518
-2153
4283
-7849
4106
9730
432
3067
-4832
2633
2338
-692
-5225
6990
-687
4575
8743
-6131
-1150
8108
3181
7222
63
7792
-1423
-5182
680
-6105
3969
-2404
3101
-6147
1830
-7335
1362
-6764
-5110
5668
6883
6174
-5981
9023
-3721
5483
-1545
7601
-3596
-5886
7108
-5397
5086
-515
-6615
-5838
9906
-6551
9898
9827
3074
6982
8204
9971
8132
5240
8490
8754
3424
-5780
-9707
7882
-2345
4346
5959
567
8786
-4030
-440
6263
3928
481
7173
-2212
-4331
-4423
5873
-8957
-6031
-2716
3561
-9112
6696
879
-6863
349
7137
5075
6840
2006
-8548
-3541
1872
-5135
-9860
14
-4665
8905
-1028
-3049
8656
-8986
5694
-2447
-2806
8622
8893
3516
-9980
-5852
-9646
4315
5113
1312
7019
1429
8807
-2188
65
-7175
5058
7118
-154
6946
2928
963
-5982
1041
-9462
-3416
5614
9446
5862
-3091
-2752
-3344
-749
4346
3995
5958
-8997
2574
-6617
6840
-7268
-5226
5832
-4110
7938
-4782
7468
8311
3718
-180
-1153
-4514
2307
-7511
2798
6460
1202
-7019
-4977
6355
5833
-5028
4320
-3820
-7279
7709
8025
-9475
-8790
-5109
670
-8950
9405
6271
-2844
-1980
6819
605
1520
-4634
-4865
-7255
-1554
3370
-8289
1314
-6754
3062
-5048
7538
498
-1766
6014
3108
7411
199
718
1190
6121
6076
4864
-3342
-8522
-3904
4439
-2107
2737
9075
-5241
7848
-607
4759
-7413
6860
-8580
8359
-914
3379
-3285
-8741
3568
-660
-4495
8074
7679
-9693
3518
-3321
-8512
-6453
9423
-8030
-1500
-8034
7447
-5407
-3212
-7351
-3878
-676
3242
8105
-5615
-6120
-6645
1086
-9481
6121
3797
8314
8821
-6639
8290
-2385
9519
1585
-8457
-7780
7367
9931
6858
5084
-3699
7591
-5946
-8063
8813
5633
-3423
-9619
-7
-8046
32
9442
1325
1559
2694
-818
-9061
-2115
-7514
-7933
-9746
-7464
6912
4637
2147
8460
4036
2841
-6736
405
3333
7746
-3442
5103
-1735
-5306
-1949
4887
-5119
-6956
-586
-7638
5398
7641
576
-5907
-4641
-2658
1920
7606
4186
4988
2304
7308
-1917
3025
-4512
-6026
-7424
-1584
-7250
1596
-2944
-5690
2624
5136
654
4954
6733
-7592
-3963
-1891
-9160
-3865
-3996
-6192
-124
-173
-6385
9313
9744
2937
9511
-7680
9292
-1816
6286
1151
3808
8705
-1166
-4654
-4934
-2938
-8375
-8045
-1027
2869
-2251
-8687
5064
-2885
302
4632
-2866
-6756
7817
7374
3508
-9729
8819
-2406
-7244
256
-1394
-787
-6342
7511
-2103
6156
-1688
-3334
-7550
5256
-9120
5810
6919
-4315
7130
7716
2443
-6476
-1371
2038
-8213
8307
-8771
4505
1259
5226
9708
4778
3455
460
4298
3968
4684
-633
8420
2898
-7952
-7358
-4348
-9663
9746
-5011
-4001
299
8452
-1349
-5713
3180
9196
8453
-3221
9899
-6765
8287
9273
9136
6208
-2142
8950
2085
6295
-2500
-9435
-2802
-9268
7027
-7355
2467
-4041
2338
2274
5771
-8275
3307
4147
-5462
-8006
2596
-4018
4364
8753
-2612
4378
1826
9663
-7378
-2649
7343
7481
-7529
643
-2245
-927
-5568
7
-4556
4467
-6916
7479
-9772
5752
2174
4244
-726
-7770
2820
9626
3803
1713
-8327
-9536
-2189
399
-7462
5677
-862
-8656
6077
-8219
-7696
-7684
1597
-5932
-3807
7010
-3814
-2113
2938
3221
2383
-3246
6559
5506
-4052
8976
5762
-9373
8383
1134
6518
-9550
-7540
-6799
2906
-6240
4863
-5423
-9194
-6263
6025
-8313
3229
-4215
8774
2541
9554
230
-560
2435
6424
1518
2612
-6268
9861
-8054
6468
-8759
1488
-9483
9692
-3386
7642
-6139
-1932
8715
4516
-5185
6727
-4533
3360
-7653
-8173
-7930
2219
670
9692
-9798
1256
-7265
-6806
-8917
-9850
-5408
-8216
4889
3982
-1639
-7391
-6452
336
-974
-8281
5170
8798
4028
6514
9791
9842
5980
2805
9345
-8567
5723
5603
5203
2381
8541
8888
-2400
-6407
2503
2575
6941
-1557
-4379
7631
-3584
-5365
-3801
2459
-4239
7337
5313
9521
-4776
6366
8544
-5095
-3393
5474
-7861
-2402
-887
-3087
-8434
-332
6391
3608
-3571
-5185
7963
-213
2902
-9285
4570
-6096
-9132
-5367
-6660
1776
-9090
8483
9808
-513
58
2121
5485
6189
-8207
-9559
-619
-8071
1321
4148
-6634
622
-5764
1991
-2877
-2801
-4624
-1633
7064
4360
-9006
-5873
-198
-935
-2853
-5168
5855
7190
-3495
3020
-1195
9296
3707
9924
-6703
-2899
4620
-3160
-2756
1761
9461
-7004
-1935
5892
-8891
-9867
-6599
-1913
-8573
-567
7779
2977
9697
-8105
-9757
-1295
6191
-4477
6228
4210
-2093
-4068
-1637
9679
5233
1500
6279
4076
9651
5920
4284
9910
774
-7571
-8513
-1573
-8293
4725
-8609
-2080
-2788
-6477
2651
-4414
9548
8537
9552
-1013
-1643
7389
3900
5298
1579
9262
-6503
6599
-3408
2152
8801
6371
4325
-3426
-3878
9996
8439
-289
8974
-8810
2899
459
-7572
5221
-3989
-7533
9709
739
8218
867
3958
5502
-4639
7067
9846
-368
3146
9809
-6443
5041
-8814
-1379
9243
208
5381
-7859
1490
-9780
-7643
-3172
2829
3907
5951
-6977
-460
-2305
8419
7240
3077
5116
1325
3296
-8154
2128
-9067
-866
1030
-7177
-8781
4802
9988
-7564
-5050
-8645
-3154
2239
5734
-3065
-9642
1007
-5060
-5273
1073
-7869
-7308
-6989
-8874
4539
-652
-3079
-2104
1420
995
6993
-2118
4921
3753
385
-8503
